-1.62781e-05
-3.25912e-05
-4.89393e-05
-6.53227e-05
-8.17417e-05
-9.81965e-05
-0.000114687
-0.000131214
-0.000147778
-0.000164378
-0.000164378
-0.000164498
-0.000164581
-0.000164692
-0.000164858
-0.000165119
-0.000165502
-0.000164773
-0.000163968
-0.000162031
-0.000158807
-0.000154874
-0.000150165
-0.000144688
-0.000138686
-0.000131557
-0.000123584
-0.000115071
-0.000105399
-9.47792e-05
-8.36165e-05
-7.10307e-05
-5.79616e-05
-4.44403e-05
-3.0735e-05
-1.52651e-05
6.24136e-07
1.85456e-05
5.13561e-05
7.2312e-05
8.97736e-05
0.000107566
0.000126642
0.000145087
0.000163386
0.000182257
0.000201487
0.000221535
0.000241107
0.000259739
0.000279372
0.000299883
0.000319616
0.00033872
0.000358371
0.000378735
0.000398809
0.000418388
0.000438246
0.0004583
0.000478104
0.000497793
0.000517383
0.000537102
0.000556936
0.000576525
0.000596212
0.000616348
0.000636525
0.000656135
0.000675731
0.000695263
0.000714482
0.000733734
0.000752865
0.000771916
0.000790836
0.000809578
0.000828134
0.000846514
0.000864894
0.000883529
0.000902233
0.000921017
0.000939943
0.000959394
0.000978163
0.000996802
0.00101538
0.00103395
0.00105244
0.00107099
0.00108954
0.00110778
0.00112608
0.0011443
0.00116226
0.00117967
0.00119691
0.00121374
0.00123084
0.00124746
0.00126513
0.00127727
0.00129651
0.00131373
0.00133054
0.00133401
0.00135366
0.00137318
0.00139212
0.00137702
0.00139613
0.00141976
0.00143897
0.00145802
0.00147717
0.00149669
0.00151597
0.00153547
0.0014692
0.00150841
0.00152541
0.00154301
0.00156104
0.00157965
0.00159895
0.0016184
0.00163722
0.00165593
0.00167464
0.00169363
0.00171244
0.00173144
0.00175034
0.00176927
0.00178756
0.00180614
0.0018245
0.00184305
0.0015665
0.00160259
0.00161591
0.00163275
0.00164959
0.00166545
0.00168164
0.00169741
0.00171323
0.00172903
0.00174487
0.00176069
0.00177649
0.00179264
0.0018088
0.00182482
0.00184106
0.0018572
0.00187335
0.00188946
0.00190588
0.00192095
0.00193711
0.00195194
